# Relatório Gerencial Consolidado – TechDengue

Gerado em: 2026-01-05 16:29:27

## Visão executiva
- Período analisado (data_map): 2024-04-30 a 2025-10-31
- Registros consolidados (facts): 1.281
- Municípios únicos (IBGE): 624
- Atividades únicas: 1.279

## KPIs principais (atividades de campo)
- Somatório de POIs: 314.880
- Somatório de hectares mapeados: 139.499,59
- Hectares por POI (média global): 0,443
- Somatório de devolutivas: 56.956
- Somatório removido/solucionado: 24.776

### Distribuição (hectares_por_poi) por registro (apenas registros com POIs > 0)
- Média: 0,484
- Mediana: 0,447
- P90: 0,724
- P95: 0,834
- Máximo: 2,144

## Evolução mensal (data_map)
| mes | registros | hectares | pois | hectares_por_poi | devolutivas |
| --- | --- | --- | --- | --- | --- |
| 2024-04 | 1 | 1.754,40 | 3.407 | 0,515 | 0 |
| 2024-05 | 51 | 5.100,64 | 8.521 | 0,599 | 4.472 |
| 2024-06 | 44 | 4.128,93 | 6.707 | 0,616 | 2.787 |
| 2024-07 | 40 | 5.443,36 | 9.232 | 0,590 | 4.726 |
| 2024-08 | 49 | 6.666,67 | 14.870 | 0,448 | 4.669 |
| 2024-09 | 53 | 5.010,83 | 10.949 | 0,458 | 3.654 |
| 2024-10 | 49 | 5.465,35 | 15.218 | 0,359 | 2.551 |
| 2024-11 | 65 | 6.612,07 | 19.444 | 0,340 | 1.924 |
| 2024-12 | 72 | 5.631,15 | 17.069 | 0,330 | 3.287 |
| 2025-01 | 86 | 8.260,61 | 21.308 | 0,388 | 6.967 |
| 2025-02 | 92 | 9.939,93 | 27.050 | 0,367 | 5.278 |
| 2025-03 | 102 | 9.725,76 | 25.988 | 0,374 | 5.662 |
| 2025-04 | 95 | 12.274,38 | 30.431 | 0,403 | 3.736 |
| 2025-05 | 96 | 10.646,08 | 23.396 | 0,455 | 1.601 |
| 2025-06 | 40 | 5.386,29 | 10.352 | 0,520 | 1.204 |
| 2025-07 | 71 | 6.947,46 | 13.457 | 0,516 | 2.215 |
| 2025-08 | 75 | 10.182,55 | 20.401 | 0,499 | 1.088 |
| 2025-09 | 68 | 7.554,50 | 15.856 | 0,476 | 1.071 |
| 2025-10 | 132 | 12.768,63 | 21.224 | 0,602 | 64 |

## Top 10 municípios – por hectares
| municipio | codigo_ibge | hectares | pois | hectares_por_poi | registros |
| --- | --- | --- | --- | --- | --- |
| UBERLÂNDIA | 3170206 | 10.516,89 | 22.458 | 0,468 | 10 |
| UBERABA | 3170107 | 2.937,90 | 9.171 | 0,320 | 6 |
| BETIM | 3106705 | 2.589,50 | 6.052 | 0,428 | 9 |
| POÇOS DE CALDAS | 3151800 | 2.454,10 | 3.655 | 0,671 | 5 |
| MONTES CLAROS | 3143302 | 2.433,00 | 5.952 | 0,409 | 8 |
| CONTAGEM | 3118601 | 2.270,00 | 5.231 | 0,434 | 9 |
| SETE LAGOAS | 3167202 | 1.920,00 | 3.553 | 0,540 | 7 |
| SANTA LUZIA | 3157807 | 1.687,00 | 3.932 | 0,429 | 8 |
| RIBEIRÃO DAS NEVES | 3154606 | 1.591,00 | 3.919 | 0,406 | 10 |
| SABARÁ | 3156700 | 1.548,40 | 3.573 | 0,433 | 7 |

## Top 10 municípios – por POIs
| municipio | codigo_ibge | pois | hectares | hectares_por_poi | registros |
| --- | --- | --- | --- | --- | --- |
| UBERLÂNDIA | 3170206 | 22.458 | 10.516,89 | 0,468 | 10 |
| UBERABA | 3170107 | 9.171 | 2.937,90 | 0,320 | 6 |
| BETIM | 3106705 | 6.052 | 2.589,50 | 0,428 | 9 |
| MONTES CLAROS | 3143302 | 5.952 | 2.433,00 | 0,409 | 8 |
| CONTAGEM | 3118601 | 5.231 | 2.270,00 | 0,434 | 9 |
| SANTA LUZIA | 3157807 | 3.932 | 1.687,00 | 0,429 | 8 |
| RIBEIRÃO DAS NEVES | 3154606 | 3.919 | 1.591,00 | 0,406 | 10 |
| POÇOS DE CALDAS | 3151800 | 3.655 | 2.454,10 | 0,671 | 5 |
| SABARÁ | 3156700 | 3.573 | 1.548,40 | 0,433 | 7 |
| SETE LAGOAS | 3167202 | 3.553 | 1.920,00 | 0,540 | 7 |

## Top 10 contratantes – por hectares
| contratante | hectares | pois | hectares_por_poi | registros |
| --- | --- | --- | --- | --- |
| CISMAS | 11.199,34 | 17.389 | 0,644 | 120 |
| UBERLÂNDIA | 10.516,89 | 22.458 | 0,468 | 10 |
| ICISMEP BHTE | 9.797,94 | 22.733 | 0,431 | 99 |
| ICISMEP DIVINÓPOLIS | 8.955,21 | 20.843 | 0,430 | 122 |
| CISMISEL | 5.234,19 | 11.933 | 0,439 | 52 |
| CISARP | 4.868,96 | 13.584 | 0,358 | 71 |
| CISALP PATOS DE MINAS | 3.596,86 | 8.409 | 0,428 | 51 |
| CISAJE | 3.536,41 | 6.845 | 0,517 | 40 |
| CISMEPI | 3.282,72 | 5.422 | 0,605 | 51 |
| CONSAUDE | 3.244,54 | 7.964 | 0,407 | 66 |

## Top 10 tipos de atividade – por hectares
| nomenclatura_atividade | hectares | pois | hectares_por_poi | registros |
| --- | --- | --- | --- | --- |
| ATV.08_UBERLANDIA | 1.864,00 | 4.410 | 0,423 | 1 |
| ATV.01_UBERLANDIA | 1.754,40 | 3.407 | 0,515 | 1 |
| ATV.03_UBERLANDIA | 1.685,70 | 3.330 | 0,506 | 1 |
| ATV.04_UBERLANDIA | 1.419,20 | 3.813 | 0,372 | 1 |
| ATV.05_UBERLANDIA | 1.110,20 | 3.258 | 0,341 | 1 |
| ATV.05_UBERABA | 901,90 | 2.997 | 0,301 | 1 |
| ATV.02_POCOS.CALDAS | 818,00 | 1.358 | 0,602 | 1 |
| ATV.09_UBERLANDIA | 770,49 | 1.276 | 0,604 | 1 |
| ATV.07_UBERLANDIA | 703,00 | 1.356 | 0,518 | 1 |
| ATV.02_UBERLANDIA | 688,00 | 1.000 | 0,688 | 1 |

## Dengue – casos agregados por ano (2023–2025)
| ANO | casos |
| --- | --- |
| 2.023 | 406.035 |
| 2.024 | 1.676.005 |
| 2.025 | 157.988 |

## Qualidade e alertas
### Campos com maior % de nulos (facts)
| campo | % nulos |
| --- | --- |
| sub_atividade | 70,7 |
| link_gis | 1,2 |
| data_map | 0,0 |
| codigo_ibge | 0,0 |
| nomenclatura_atividade | 0,0 |
| pois | 0,0 |
| descaracterizado | 0,0 |
| morador_ausente | 0,0 |
| devolutivas | 0,0 |
| removido_solucionado | 0,0 |

### Status dos caches GIS (local)
- cache/banco_techdengue.parquet: 311.158 linhas; data_criacao nulos: 100,0%
- cache/planilha_campo.parquet: 0 linhas

## Recomendações gerenciais
- Monitorar mensalmente hectares/POI e devolutivas/POI para detectar variações operacionais.
- Priorizar auditorias e alocação de recursos nos municípios e contratantes com maior volume.
- Avaliar a origem do cache GIS (data_criacao 100% nulo) e decidir se o campo deve ser preenchido, removido do payload ou documentado como indisponível.
